Gamma12_z = -0.308384893038560;
Gamma21_z = -0.829434052560960;
K_P_11 = 1.653001431483017;
K_P_22 = 4.162509742530150;
T_I_11 = 841.6941455268073;
T_I_22 = 757.1049307125121;

% The original control was designed to control the temperatures at the
% locations T_1^{(1, r)} and T_2^{(2, l)}
zone_1_ctrl_idx = 5;
zone_2_ctrl_idx = 10;